# DO NOT EDIT. RUN THE PYTHON FILE INSTEAD TO GENERATE THIS .yaml FILE 
# date: 2023-01-23
traj_x: 0.666666666666667*sin(0.666666666666667*t) + 1.33333333333333*sin(1.33333333333333*t)
traj_y: 0.666666666666667*cos(0.666666666666667*t) - 1.33333333333333*cos(1.33333333333333*t)
traj_z: 1.75 - 0.75*sin(2.0*t)
bbox: [1.0, 1.0, 1.0]
